-1.995094741406248096e+00
-1.989678618880807548e+00
-1.980748775344970625e+00
-1.967311171690977911e+00
-1.948514445885134894e+00
-1.923758277971787001e+00
-1.892772912377411965e+00
-1.855656393218103384e+00
-1.812863160471009261e+00
-1.765147616090702920e+00
-1.713475625476645892e+00
-1.658922270790090803e+00
-1.602574053621428574e+00
-1.545449104772874449e+00
-1.488442237937624979e+00
-1.432295373803888383e+00
-1.377589500523351385e+00
-1.324752296410590446e+00
-1.274075376950831506e+00
-1.225736087195411494e+00
-1.179820152528440858e+00
-1.136342862291350064e+00
-1.095267561798701772e+00
-1.056521007082893426e+00
-1.020005624698782976e+00
-9.856089838958387306e-01
-9.532109011612636129e-01
-9.226886161565882594e-01
-8.939204459706644457e-01
-8.667882694180567560e-01
-8.411791316946016783e-01
-8.169862012229530679e-01
-7.941092592314021870e-01
-7.724548598651744813e-01
-7.519362642279947551e-01
-7.324732247580715283e-01
-7.139916755682915728e-01
-6.964233686384536659e-01
-6.797054839730117815e-01
-6.637802331319119231e-01
