-1.997117786778278115e+00
-1.993836651273211302e+00
-1.988252707936693175e+00
-1.979493513996805065e+00
-1.966591816406465965e+00
-1.948532062292658962e+00
-1.924326181855113616e+00
-1.893122225794556579e+00
-1.854335826238474150e+00
-1.807779016625265411e+00
-1.753751168493975277e+00
-1.693059814632158044e+00
-1.626956730686718977e+00
-1.557000431614637748e+00
-1.484878364965044995e+00
-1.412230591764872978e+00
-1.340509634294628327e+00
-1.270894427910253865e+00
-1.204258815214599432e+00
-1.141183119160290804e+00
-1.081992777077329437e+00
-1.026809126244359494e+00
-9.756013669455873005e-01
-9.282331483928095706e-01
-8.845008380763049738e-01
-8.441629538975239377e-01
-8.069615796068024816e-01
-7.726371517257607513e-01
-7.409381034037139102e-01
-7.116267070555145624e-01
-6.844822204689933187e-01
-6.593021925679888318e-01
-6.359025640506597021e-01
-6.141170181669483030e-01
-5.937958982839945943e-01
-5.748049062173258283e-01
-5.570237214939027792e-01
-5.403446299385393781e-01
-5.246712144524848798e-01
-5.099171370094440769e-01
