-1.997158440255766942e+00
-1.993960914694990594e+00
-1.988566316588298521e+00
-1.980169648054025622e+00
-1.967863547965663207e+00
-1.950642561459462243e+00
-1.927424404699510152e+00
-1.897112148674730658e+00
-1.858716667372905418e+00
-1.811539071126272438e+00
-1.755380288777437681e+00
-1.690713110358094129e+00
-1.618742821431925716e+00
-1.541311492455088139e+00
-1.460659770545177150e+00
-1.379116482259349352e+00
-1.298807589477062541e+00
-1.221454236412230721e+00
-1.148284694166610054e+00
-1.080044602076504878e+00
-1.017069626955096728e+00
-9.593839903579208794e-01
-9.067983803784014363e-01
-8.589929128014200943e-01
-8.155802995955624413e-01
-7.761500504348487484e-01
-7.402970673438694638e-01
-7.076385678373227073e-01
-6.778228741312076755e-01
-6.505328648281127890e-01
-6.254861297092678685e-01
-6.024332333695983088e-01
-5.811550113714798460e-01
-5.614594793130985861e-01
-5.431787017841959164e-01
-5.261658152713944991e-01
-5.102923022648411244e-01
-4.954455547062828202e-01
-4.815267303932221910e-01
-4.684488870514466607e-01
