-1.997158928576733050e+00
-1.993962962371063297e+00
-1.988572633665771416e+00
-1.980183870855601880e+00
-1.967883632179857845e+00
-1.950639638170402534e+00
-1.927296917981606850e+00
-1.896611208517697378e+00
-1.857356390536734070e+00
-1.808531325278853741e+00
-1.749650243125778104e+00
-1.681037518275610099e+00
-1.603998778249918988e+00
-1.520755768365103844e+00
-1.434127630980437607e+00
-1.347063303829413305e+00
-1.262193085124279746e+00
-1.181533606319344898e+00
-1.106388722164838523e+00
-1.037407470681429800e+00
-9.747264665854208365e-01
-9.181319982089638509e-01
-8.672025512771200928e-01
-8.214164511113221101e-01
-7.802244485258960083e-01
-7.430938362913689366e-01
-7.095321502106137768e-01
-6.790974918096983615e-01
-6.514007497222348286e-01
-6.261033228355674662e-01
-6.029126413338006252e-01
-5.815768632520120773e-01
-5.618795213256355670e-01
-5.436345193040438284e-01
-5.266816535067961880e-01
-5.108827089839329538e-01
-4.961181126102183758e-01
-4.822840935323308709e-01
-4.692902894337332431e-01
-4.570577358798459389e-01
