-1.997158572645946206e+00
-1.993961131887344473e+00
-1.988565101395674439e+00
-1.980157807823123894e+00
-1.967805188235560720e+00
-1.950429561126191480e+00
-1.926789092014576710e+00
-1.895494058977313712e+00
-1.855111197889885766e+00
-1.804403264610423774e+00
-1.742703038144137073e+00
-1.670325375064837248e+00
-1.588827221659742106e+00
-1.500928679961362811e+00
-1.410058069123516722e+00
-1.319692610360695850e+00
-1.232766662181213446e+00
-1.151341080299769892e+00
-1.076561385726475750e+00
-1.008811151343633972e+00
-9.479398781538943553e-01
-8.934792988668429636e-01
-8.448093294964639233e-01
-8.012682020466107558e-01
-7.622168686810693039e-01
-7.270714438628779197e-01
-6.953156413505436895e-01
-6.665018437433802845e-01
-6.402463974677369274e-01
-6.162224733374811469e-01
-5.941523435773012896e-01
-5.738000158613676405e-01
-5.549646368798142326e-01
-5.374747924507246033e-01
-5.211836850961915069e-01
-5.059651050669004002e-01
-4.917100884668964000e-01
-4.783241549210154875e-01
-4.657250272451954332e-01
-4.538407477741808194e-01
