-1.997158198387152028e+00
-1.993959173047622269e+00
-1.988556914911113527e+00
-1.980129171299648494e+00
-1.967718612293854141e+00
-1.950198348956789118e+00
-1.926235420576091428e+00
-1.894293940036105628e+00
-1.852744482203128262e+00
-1.800148580860313263e+00
-1.735728855585081609e+00
-1.659899671542378163e+00
-1.574589345704023424e+00
-1.483089358043703454e+00
-1.389404075839602237e+00
-1.297387019262126628e+00
-1.210055756790636705e+00
-1.129304505693816241e+00
-1.055979091257301272e+00
-9.901435441806460958e-01
-9.313780070732650129e-01
-8.790205753866366933e-01
-8.323301554150976944e-01
-7.905810692706670695e-01
-7.531098813836963890e-01
-7.193329513780050144e-01
-6.887479791381431182e-01
-6.609278200482535670e-01
-6.355113185008233190e-01
-6.121936306931312632e-01
-5.907172095515175192e-01
-5.708639045981035443e-01
-5.524482592433789252e-01
-5.353119390590721505e-01
-5.193191410336305269e-01
-5.043528342041824208e-01
-4.903116844704501487e-01
-4.771075372456960451e-01
-4.646633544337565036e-01
-4.529115164124560833e-01
