-1.997157823883305428e+00
-1.993957210565758587e+00
-1.988548696731869292e+00
-1.980100370739508842e+00
-1.967631377369297052e+00
-1.949965158310926316e+00
-1.925677421910199527e+00
-1.893088354664079542e+00
-1.850383707468490790e+00
-1.795955187219211213e+00
-1.728979595182616125e+00
-1.650064980370622880e+00
-1.561598817157062946e+00
-1.467460912951655816e+00
-1.372134672762122198e+00
-1.279662849227319876e+00
-1.192947694781424817e+00
-1.113581514257273808e+00
-1.042066167064532589e+00
-9.781767186590838437e-01
-9.212952523979999198e-01
-8.706476631003368105e-01
-8.254447419954186183e-01
-7.849536216745846007e-01
-7.485262505758601970e-01
-7.156045918174629428e-01
-6.857147718080343068e-01
-6.584569150630132928e-01
-6.334941426117396412e-01
-6.105423257367186274e-01
-5.893611048138187591e-01
-5.697463384961258814e-01
-5.515238782419936703e-01
-5.345444356961416288e-01
-5.186794200659006204e-01
-5.038175451419334427e-01
-4.898620422485010506e-01
-4.767283879584119921e-01
-4.643424371327095068e-01
-4.526388822830831882e-01
